ReliefF, ReliefSeq, 0.078, 0.902, 0.02
SURF, SURFStar, 0.0, 0.0, 1.0
VLSRelief, TuRF, 0.017, 0.9695, 0.0135
VLSRelief, TuRF, 0.0075, 0.9785, 0.014
VLSRelief, TuRF, 0.012, 0.973, 0.015
SURFStar, SWRFStar, 0.258, 0.0023333333333333335, 0.7396666666666667
SURF*, MultiSURFStar, 0.0085, 0.7528333333333334, 0.23866666666666667
MultiSURF, MultiSURFStar, 0.009166666666666667, 0.0, 0.9908333333333333
SWRFStar, MultiSURFStar, 0.6301666666666667, 0.0005, 0.36933333333333335
SWRFStar, BoostedSURF, 0.06, 0.3795, 0.5605
SWRFStar, BoostedSURF, 0.6771666666666667, 0.00016666666666666666, 0.32266666666666666
TuRF, VLSRelief, 0.0005, 0.996, 0.0035
TuRF, VLSRelief, 0.00016666666666666666, 0.9978333333333333, 0.002
TuRF, VLSRelief, 0.0003333333333333333, 0.9975, 0.0021666666666666666
TuRF, VLSRelief, 0.0005, 0.998, 0.0015
TuRF, VLSRelief, 0.0003333333333333333, 0.9966666666666667, 0.003
TuRF, VLSRelief, 0.00016666666666666666, 0.9981666666666666, 0.0016666666666666668
TuRF, VLSRelief, 0.0003333333333333333, 0.9968333333333333, 0.0028333333333333335
ReliefSeq, VLSRelief, 0.0, 0.9998333333333334, 0.00016666666666666666
TuRF, VLSRelief, 0.0, 0.998, 0.002
ReliefSeq, VLSRelief, 0.0006666666666666666, 0.9993333333333333, 0.0
TuRF, VLSRelief, 0.0011666666666666668, 0.9966666666666667, 0.0021666666666666666
ReliefSeq, VLSRelief, 0.0, 1.0, 0.0
TuRF, VLSRelief, 0.36616666666666664, 0.1735, 0.4603333333333333
ReliefSeq, VLSRelief, 0.32416666666666666, 0.3005, 0.37533333333333335
TuRF, VLSRelief, 0.0, 1.0, 0.0
ReliefSeq, VLSRelief, 0.0, 1.0, 0.0
TuRF, VLSRelief, 0.0, 0.9981666666666666, 0.0018333333333333333
ReliefSeq, VLSRelief, 0.0, 1.0, 0.0
TuRF, VLSRelief, 0.0, 0.9971666666666666, 0.0028333333333333335
ReliefSeq, TuRF, 0.0005, 0.9995, 0.0
TuRF, ReliefSeq, 0.0005, 0.99, 0.0095
ReliefSeq, VLSRelief, 0.0, 1.0, 0.0
TuRF, VLSRelief, 0.00016666666666666666, 0.9983333333333333, 0.0015
ReliefSeq, TuRF, 0.0, 0.9998333333333334, 0.00016666666666666666
TuRF, ReliefSeq, 0.001, 0.9908333333333333, 0.008166666666666666
ReliefSeq, VLSRelief, 0.00016666666666666666, 0.999, 0.0008333333333333334
